 1898563478,
         124654439, 2978007124,  196998523,   74294066, 3467122561,
        2492043501, 2284352382, 3987417684, 1903846131, 2958798895,
        3395035578,  769226054, 2244610787,  996145883, 3943157361,
         245503901, 1868400340, 3530169854,  514783912, 3914227857,
        2512511848, 3241001737, 4105387813, 3679695148, 1247126364,
        1347940963, 2673805177, 3715475050, 1875477344, 2772207224,
        3170423118,   69959572, 1627295735, 1502585051, 2951030691,
        1970690345,  415309032, 3867740525, 3082311534, 3384952125,
        2627510805, 3988922934, 1502249196, 2240731153, 2649089996,
        3424703780, 4122701645,  558759794, 1363035575, 2445050536,
        1526414205,  891222977, 3279762132, 1405811310, 2476425869,
         606882643,   18236703, 3456475057, 2643015727, 2213299187,
        1294536832, 1368984413,   30278392, 2883136358, 4267613783,
         225457572, 1594047173, 2018265363, 3690856148,  252803189,
        3341353343, 2948070984, 3979793087,  206753574, 1526963685,
        1586740236, 4195737916, 3284071226, 1790671565,  875419410,
        3791451253, 1568632811, 1809806553, 1349075894,  904517440,
        3313423450,  803158345,  701029815,  975998757, 2879154856,
         463612036,  710553413,  398958446, 3175500546, 2366936482,
         452026190, 1141284623, 3632841948, 2761828312, 1708790661,
        2085489767,  375957644,  495487582, 1715892409,  507180211,
        3427786427, 3597394445, 1035524647, 2417915447, 2318369323,
        1400726155, 1284760748, 1541659498,  430705592, 1654291996,
        4191527178, 2268387997, 4182222307, 3649278357,  948142588,
        2150916157, 2465515072, 1082490915, 1997765900, 2219093485,
        2250124250, 1063757137,  976810119, 1736698762, 2530037017,
        2279958307, 1159249479,  619914714, 1439470504,  356575254,
        1648933303, 3296775945, 4093497737, 1624321335, 1991252527,
         888976341, 3949570285, 1109140842, 2318903048,  871432824,
        2604542634, 2917723118, 3223297472, 1944952132, 1817258101,
        4091461192, 2798131383, 2126094256, 3580858715, 4072655001,
        2839209509, 1744671572,  961420298, 2852488627, 1625354079,
        1970918000,  459358261, 1658718360, 3156327550, 2295084261,
         760454327, 2950253839, 3911010786,  733781301,  416409893,
        1695784565, 2461737764, 1311308801,  823175700, 3482194808,
        3067888867,  995555295, 3191950165,  646833419, 1798687210,
        1676266048,  795591887, 1210325810, 1689855942, 1923382957,
        1681102727, 4109792080, 2422932596, 2984125559, 4208305681,
        2353219957, 3540666293, 3798645347, 1278334693, 3111517875,
        3325903714, 2228939251, 1106016392, 1112771077, 2585329639,
        3842327180,  358019106, 1785348748, 1854986255, 1597864980,
        2210804034, 2562902708, 3377086069, 1975027761, 1090737559,
        2311719116, 2990101990, 2176473875, 1525156300, 3891298150,
         618163367,  885037513, 3117538021, 1416855893, 2391168921,
        2471433190, 4158918560, 3667001380, 2378880117, 2833152983,
        3461394436, 3953757935,  544991780, 2173479333, 1350619236,
        3530771365,   28781384,  859181503, 1514958520,   82203264,
        1825462097, 4252689235, 1052292284,  283468563, 1441327575,
        2102166981,  141818983, 2627658264, 3393758871,  892870801,
        3786833682, 1778802704, 3436183983, 3461355097, 2763084293,
         673483394, 1898999599, 2266408639, 1827193644, 2106007985,
         691533704, 2307837319, 1031667882, 2640928687,  738321246,
        2219457891, 1173081487, 2243197666, 2470919352, 2923675082,
        1944532883,  612191131,  975010434, 3535469971,  679013884,
        3777841243, 1184368551, 1779663770, 3094293499, 4200419931,
         758291693, 1572600594, 1270730137, 3115939375,  807658076,
        3391083286, 1385477280, 1511360051, 2787444026, 3065469470,
         712314161, 3884783163, 3029931814,  577162607, 3047885055,
        3354626997, 2940402461, 1509387742, 1588014403, 1637975415,
         314992185,  486011518, 4064141769,  945038642,  214485335,
         362332081, 1170167995, 3502886463,  491527027, 1837017591,
        2185123114, 3915173082, 3112718167, 2440585425, 2233575557,
         172547934, 1155928985, 1740448692, 1647900556, 4263958400,
        1298179455, 3496701378, 2164907981, 3607777340, 1282532558,
        1860140758, 3046066523, 1084451173, 1726414777,  989470675,
         849398212, 3751351759, 1043269584, 3467776315, 4112249455,
        2867060741,  412619271,  767932140, 2098350486, 1761787252,
        2568311338, 2947750458,   36762788, 3805348311, 2344251493,
        2684891809,  865773246, 3168708168, 1611873388, 1487400366,
        3019617999, 1000099002, 1584821097, 4151070661, 4217438501,
        1663958939,  754647364,  133545212, 2300537163,  416309142,
        3926815825, 2315102676, 2613500194, 2997168499,  203813594,
        2521992411,  582841417, 4210590366, 2138665190, 1541033459,
        3132470961, 1279195592, 3677817608,  852460102, 2790420550,
        2365484152, 1308167462, 2006600243,   92398885, 2775853410,
        4013493830, 1096438099, 3364376636, 1292569005, 3876558096,
        3642552501, 4122625150, 2411237774, 2586339479,  165819883,
         369789406, 1682555023,  928191500, 3286233846, 4068522212,
        1363496979,  537453559, 2331443582,  131686829, 2858433414,
         387482503, 2546987238,  632513079, 1339008185, 3669184396,
         279310636, 2218652073, 2536480041, 2011427388, 2467564989,
        2565427405, 3765547495, 4116583201, 2641894513], dtype=uint32),
 624,
 0,
 0.0)

[0,
 0.12337334408850655,
 0.04010345426258922,
 0.1113424755311513,
 0.09824958901704291,
 0.10016065250130393,
 0.14470988870183588,
 0.13484172303350211,
 0.13395745696018638,
 0.16702290847305853,
 0.1806191025517852,
 0.12660272137039424,
 0.15609007035548295,
 0.16789894099034516,
 0.11588492153758446,
 0.17517348903060256,
 0.18196272874234362,
 0.11239279845450627,
 0.13850596963861336,
 0.18047923691943918,
 0.16016479452949828,
 0.20726466472969013,
 0.0774794559465046,
 0.19823290519895267,
 0.183408556106007,
 0.2169687091082765,
 0.18549622672873284,
 0.1943169898893989,
 0.13453535632842487,
 0.12461978706392896,
 0.18509406574810444,
 0.1761625478727155,
 0.20556207330599413,
 0.1957679076345295,
 0.18603880033164244,
 0.11242813012621454,
 0.16206498730747873,
 0.19482801344366818,
 0.15222863550674132,
 0.23016668258353765,
 0.18200975507710898,
 0.2425036497917322,
 0.14625734576696442,
 0.14244081799025987,
 0.22926989561855762,
 0.2671517100003559,
 0.21853754234458425,
 0.19855928518689211,
 0.24057009201176482,
 0.2050609145440968,
 0.22638851823587353,
 0.22250563964787806,
 0.2271183155670985,
 0.23582818624878346,
 0.23615607510611744,
 0.21088517096120174,
 0.25819549139248843,
 0.24239377526294373,
 0.2488372693757388,
 0.21150165057226888,
 0.21316509774823558,
 0.23821596311983573,
 0.1123461843427732,
 0.2197892242342925,
 0.2683416118134762,
 0.23537883375112773,
 0.24360074135286103,
 0.27294855523149697,
 0.23599190618364632,
 0.2718314263733986,
 0.25983151213299743,
 0.27120891448534534,
 0.2467712840046104,
 0.19077530795666625,
 0.24358788928978153,
 0.26566536489852904,
 0.2603674570023129,
 0.2641157493070644,
 0.26105426771388224,
 0.2852508061539972,
 0.2958220057732174,
 0.26308431762546874,
 0.23936794470235823,
 0.16841427754395158,
 0.24447039259883926,
 0.2881106972540858,
 0.2517848567433077,
 0.28898536396101193,
 0.08766480684179374,
 0.24178462268410425,
 0.25504120041481204,
 0.2804766897559201,
 0.3250186928521107,
 0.2908429987561329,
 0.2399058178845812,
 0.16820702251796033,
 0.2987525931680888,
 0.2816920188197843,
 0.29166909783233,
 0.23316970217448685,
 0.3040923810535643,
 0.2931645692823497,
 0.26889524084173166,
 0.26963784769280885,
 0.2896866694956299,
 0.2668797995990475,
 0.20884224126418696,
 0.3037390451284714,
 0.2942356371823667,
 0.28117044939762936,
 0.27313162037187966,
 0.28984095766688694,
 0.30082838984037996,
 0.3237052615627308,
 0.2501970851119704,
 0.27086861093837383,
 0.28757770463695387,
 0.30032301504471043,
 0.2874175405104966,
 0.2915680986495382,
 0.21649081312357163,
 0.3134918652801275,
 0.26571862216434877,
 0.23249946133318095,
 0.30290874119145234,
 0.288240955824718,
 0.27453970713931736,
 0.26414458910173877,
 0.26158238972471237,
 0.27242418632116994,
 0.27668148001378545,
 0.2934909034964093,
 0.3158521770375199,
 0.2928856670061056,
 0.27774721946350006,
 0.2672072507460148,
 0.288063563654657,
 0.30375209300778927,
 0.31959916224316665,
 0.3050845643877663,
 0.3083944375227828,
 0.2834121553848149,
 0.2771672275878202,
 0.27877507921535705,
 0.2772777216220921,
 0.27839386092283214,
 0.3237424533719434,
 0.31828148339045714,
 0.24767136675423204,
 0.31674690685081003,
 0.2989529687856578,
 0.31807291975562213,
 0.2991316377184567,
 0.2813023628772923,
 0.3113193322269109,
 0.2551763809771842,
 0.28674718160180496,
 0.3094537791811473,
 0.3306220328002725,
 0.30733046580219053,
 0.22210543345516454,
 0.3233649968901639,
 0.2860720200253947,
 0.30327761507509016,
 0.30669106518967115,
 0.3276712040223275,
 0.3227867995037044,
 0.3171681696870723,
 0.30329898424244883,
 0.28187497577743353,
 0.3409857575846324,
 0.3269652379818666,
 0.31403199303860824,
 0.30040754428316724,
 0.28478062139764615,
 0.31025944018271673,
 0.286947720839539,
 0.30830635004686474,
 0.30779845997181643,
 0.3350670585248962,
 0.30396546595915425,
 0.30892004964795905,
 0.3236077057677449,
 0.31162691947813254,
 0.28641803555699374,
 0.3266780562439063,
 0.29851022689780043,
 0.34829792005703897,
 0.3005592609245891,
 0.3090316040389638,
 0.29591518920361887,
 0.35061341738123597,
 0.2920949776107241,
 0.31316417556336135,
 0.2967925769925459,
 0.30947427541407024,
 0.295224257107984,
 0.29646453266920647,
 0.2886230255518035,
 0.2854090164844945,
 0.3179408927444909,
 0.30834818177123896,
 0.33231943625784305,
 0.2786204623408402,
 0.3340687794631292,
 0.32293585051418683,
 0.3156794784936366,
 0.26489745088241184,
 0.2939155956184709,
 0.2773375443630934,
 0.32977989829531573,
 0.30445793670140614,
 0.3182092972351102,
 0.3193184039606743,
 0.2513571365101256,
 0.309004761944486,
 0.3357052055525458,
 0.34847184627375377,
 0.3092312458791013,
 0.308669866174639,
 0.3039274838285107,
 0.32233103081759057,
 0.3139749129233397,
 0.351713883911756,
 0.3312496850709137,
 0.31544190773287734,
 0.33203939552551487,
 0.32120413389138663,
 0.3129198098191751,
 0.2995540607011813,
 0.2981922655167456,
 0.3123622285790282,
 0.32223490283617856,
 0.3072919498302533,
 0.3055270007339422,
 0.2990305630998035,
 0.295641198064301,
 0.33299933847104474,
 0.3125146572199531,
 0.3190981757015426,
 0.29664105285936554,
 0.3008306733576599,
 0.3127334517833225,
 0.2924369842896685,
 0.27534851098085833,
 0.33936036572203787,
 0.2911993297494639,
 0.3044659493526775,
 0.29992540026098297,
 0.31789813449900395,
 0.30461665537440574,
 0.33362864110112445,
 0.28166602001269675,
 0.32681581070254406,
 0.294675294544231,
 0.3034155997794574,
 0.2674549996103213,
 0.30009040718272717,
 0.3126833813395174,
 0.30284929247980996,
 0.31612618614894583,
 0.3031021292165738,
 0.3147860004771915,
 0.27806780058437386,
 0.3067100069571843,
 0.32604006828742055,
 0.32455975753051824,
 0.2884494047437186,
 0.29933224395320024,
 0.27234393795772754,
 0.3017272265294992,
 0.32505701896486394,
 0.281229804677304,
 0.31177941030933354,
 0.28524329758839867,
 0.3220457003784125,
 0.29802567348909853,
 0.3097803290736293,
 0.3211010513220303,
 0.2985483887978979,
 0.28153897682773554,
 0.2998994802396832,
 0.29218175591012374,
 0.3008080656466734,
 0.30468822050659966,
 0.30898703904061253,
 0.29614608527005964,
 0.3097216135162705,
 0.3065275553338483,
 0.31989329434845915,
 0.27216119992295995,
 0.3102014307908399,
 0.3348269922105598,
 0.31949891544167414,
 0.3010385808142915,
 0.28750083270400106,
 0.2937409450817755,
 0.27554010382485195,
 0.3425859714435218,
 0.3181158511000081,
 0.23468895325974926,
 0.2872906829432015,
 0.2887191825193588,
 0.2963603782930254,
 0.3304664295390206,
 0.27731825833440915,
 0.32743265029019514,
 0.2866787346289792,
 0.3195664033371212,
 0.3145352875808486,
 0.2989011283741487,
 0.300930192746283,
 0.31267456045705755,
 0.30748823985155815,
 0.28692154777458634,
 0.25794360065021055,
 0.30469745790167113,
 0.27904371677251927,
 0.29245144542680435,
 0.2953368882483962,
 0.28348891131343046,
 0.30119838189414916,
 0.27918905212759737,
 0.3166723497955093,
 0.28728821909973096,
 0.2855992680168712,
 0.28744906091235506,
 0.30894508341495686,
 0.3117711648626226,
 0.30338125094291934,
 0.2712245431981177,
 0.27464656310253366,
 0.27265379281030677,
 0.300468375362092,
 0.2577101528999498,
 0.23085659068640974,
 0.29430873208146785,
 0.28283387747813715,
 0.3132112136014603,
 0.30480134282912436,
 0.2910118889203482,
 0.2716160184678314,
 0.25838554916567297,
 0.28565545077043375,
 0.2763715481835865,
 0.29510916069788284,
 0.284528731107248,
 0.2901738806804238,
 0.3017721294235905,
 0.2787939312467347,
 0.29493687335960644,
 0.29182772220470743,
 0.32090815070452106]